"","Differentiated-2","Differentiated_1","Intermediate-3","Intermediate-2","Intermediate-1","Neuroendocrine"
"AHR",0.110971468734749,0.019440192087671,-0.0462385369981155,0.015063030185254,0.00471802379397132,0.034732419159763
"AIRE",-0.0152611565504257,0.0291185985327584,-0.0514674360371832,0.0607239040062678,-0.00169114110043114,-0.0143209747338292
"ALX1",-0.00101402236197721,-0.0141441928190887,-0.0251127512324364,-0.0166606998405237,-0.00277414886468677,-0.0486049445774588
"AR",-0.0019549238390334,0.0472477429444442,0.0146403374097808,0.0274269907603641,0.0295013599287556,-0.0470153502672896
"TFAP2B",0.0172600373397224,0.0112875509852073,-0.00298146956032572,-0.000868482971654698,0.0281000340506628,-0.0323624306182975
"ARI5B",0.021098725564339,-0.0195933244881502,-0.0381118664687154,0.0191943949627227,-0.000721498674510002,-0.00141874746683393
"ASCL1",0.0134998560471675,0.0220357258336692,-0.0363202183599663,0.0092894787592485,0.0108228931728738,-0.024267244858398
"ATF2",0.0401012889436334,0.02578062521325,-0.0666077770612327,-0.00630942607918825,0.00172626723563821,0.0584004006415941
"ATF3",0.0163050521256293,-0.0278327017588387,0.00243695882978808,-0.037391094746361,0.0118692388165971,0.0122096522240665
"ATF6A",0.0251622351951522,0.0557037181855524,-0.00866257518345531,0.0147188489246704,0.00973520475274942,-0.0283594254673546
"BACH1",0.00806481552255326,-0.00892423746218025,-0.00988670506864272,-0.0168043697150117,-0.0324021189514902,-0.0238323159880177
"BATF3",-0.0201098135270004,-0.0121803133063608,0.03114533860726,-0.0230872224774743,-0.0037268873291812,0.00205059271552683
"BATF",0.0659459565017816,0.0613207400851677,-0.0130161686763842,-0.0207669913878296,-0.0148082295945831,-0.030613850391126
"BC11A",-0.0107214433546464,-0.0129943043124336,-0.000148677482173062,-0.0149821431381658,-0.0188250176354451,-0.00597055251588842
"BCL6",0.00788742545247596,0.00339937846233816,0.00992579838571256,-0.0169411662241467,0.0109706451081849,-0.0238317569159032
"BHA15",0.031518224582203,0.0540272808254742,-0.00844825686230356,-0.0161521166841899,0.0193316998431931,0.0282158853947198
"BHE40",-0.0437832494193163,-0.0338005705085011,0.0328226639938218,-0.0346980963649243,0.0342934396331796,0.0654992697360359
"BMAL1",0.0105134983702724,0.015792427122335,0.00996601018745503,0.0216565000731137,-0.0227914119485399,0.029907695493789
"BRAC",-0.037685323797584,0.0122166266973077,0.00439190329439968,0.0259693649467768,-0.00074691749431678,-0.000831517337537556
"CDX1",-0.00199305126065902,0.0318664386542169,-0.0351258138702016,0.0450766911220623,0.0025844916392997,-0.0501821524350939
"CDX2",0.0124084671041001,0.031246198220414,-0.0491926555858264,-0.00047934926316462,0.0136098656800217,-0.0597085539992067
"CEBPD",0.0258061131701623,0.010977041229882,-0.0507421767415393,0.0349596577773131,0.0387322114420729,-0.0367832434184727
"CEBPE",-0.0335677635410354,0.0654565535779206,0.0120543584587236,0.0155347390662826,-0.0469810189999068,0.00883202637079682
"CLOCK",0.0232000177166711,-0.0114589198103603,-0.0247111202808074,-0.0011555017457645,-0.000211098656087852,-0.043166026491715
"COE1",-0.0635610257756259,-0.037832021206058,-0.0138727519273732,-0.0553022461907208,0.0559645515096759,-0.0409528718976752
"COT1",-0.00434031736743157,-0.00869808984230266,-0.0131516571462955,-0.0119980393938999,-0.0236800346580495,0.0244692697481861
"COT2",0.0204128881613421,0.0154963903525408,-0.0134062911378604,-0.0171230752473443,0.0230745409957509,-0.00313639697949024
"CREM",0.00836468599708173,0.0334655242932631,0.0243566997544476,0.0393740935560809,0.0155491886984398,0.000871390488725297
"CRX",-0.0208824975894792,-0.00371906209025314,-0.0283770782978799,0.0682913391226431,-0.00311511928631029,0.0527477367653446
"CUX1",-0.0768564587839782,-0.0456968036903682,-0.0939853351850087,0.0146574646321808,-0.0523958686223471,0.0365483474288283
"DBP",0.0764100186562832,0.0904234046416552,-0.0139728854062823,-0.0508786264506338,0.0218713039616553,-0.0219339256607635
"DLX3",0.0571492782344411,0.0185074647513458,0.0205781615558563,0.0105895554395997,0.0787906390198369,-0.0377592604035413
"DUX4",-0.00884912572668596,-0.0349597782235943,-0.0405159118127276,-0.0239956466925202,-0.0034135932689464,0.0389585014171155
"E2F2",0.0242734870107883,-0.00149829519831855,-0.0368646347183172,0.0369179461729265,0.0180062215391538,-0.0201336220084111
"E2F3",0.0278532265482665,0.000155829782671756,-0.0167892218817986,0.0259890536897083,0.0165930392102547,0.0123824576542743
"E2F5",-0.0609175427726659,0.0186333618646757,-0.0199032282332425,-0.0153902945332795,-0.0571130061812619,0.0514702668074116
"E2F6",-0.0245855555610758,0.00294842543490786,-0.00169056721423615,-0.000448492936018532,0.0176197760439087,-0.0143019191297472
"ELF5",-0.0091111768603965,-0.0133378055579926,0.0110377550274097,-0.0133487158163895,-0.00261591762443049,0.00690621729334445
"ERG",-0.0261562171967634,0.0040496751658841,-0.0161651683248134,-0.000548742402551348,0.0193302061333648,0.00381266966465543
"ERR1",0.030223953682553,0.0135797797907482,-0.0162756304071038,-0.0150449455982051,-0.0430033743643031,0.0107370918868648
"ERR2",-0.0421058187879894,-0.0698382566949117,0.0294058400082831,0.00661789047129561,-0.0338206392889471,0.0917707674613946
"ERR3",-0.0511758152052661,-0.00832305203849988,0.015078820386671,-0.00273163370109203,0.0125255071008953,0.01522889585965
"ESR1",-0.00624973518249478,-0.00734832662281834,-0.0753685272101912,-0.00925770142070687,0.0110101064328788,0.00195490693393925
"ESR2",-0.00155805652209365,0.000313666751473819,0.0347339646710473,-0.00766307349826081,-0.0230235809383194,0.00291611294142626
"ETS1",0.0103000107340529,-0.00140613606263222,0.0118211544692377,0.0194343428147473,-0.0200448528740081,0.00455848452414485
"ETS2",-0.00324273599805595,-0.00430748691076684,0.0191047682729138,0.00808091197826773,-0.0166970701253084,0.0198454035204118
"ETV2",0.0317179512297478,0.0182762852039257,0.00748906298838355,0.0165651579943019,0.00403211027308007,-0.00418006477742098
"ETV4",0.0423607701467975,0.0369485371577273,-0.0193620470360403,-0.00972062630590053,-0.0237272436376889,-0.0288771484554201
"ETV5",0.0295796504335714,-0.00316093149874141,-0.00567644036933317,0.0158022857126355,0.0237893359011404,0.0247677206718291
"EVI1",-0.0184698426508779,0.0129485698087879,-0.00799806069023749,-0.0278188013186093,-0.0631397626992026,-0.00271200651866346
"FEV",-0.000576521787406363,-0.0121576644252644,-0.0286920833394016,-0.0265941446084466,0.0181580648536801,0.02355583040815
"FEZF1",-0.0598568857646799,-0.0106696943435881,0.0215996651246387,-0.0267820775770868,-0.0165066643367495,0.00326444456907729
"FLI1",-0.017745128332181,-0.0145204550523584,-0.00041524416769567,-0.0256428312205909,0.0154281158398217,-0.0198826953380688
"FOXC1",0.00936337475756419,0.0175588797401844,-0.0131710373607358,0.0338300101248443,0.0338299857665076,-0.0242848503000902
"FOXH1",-0.0675827855533439,0.017003142782254,0.026790817451124,0.029736652894422,-0.0195255731744401,-0.039516686901034
"FOXI1",-0.00550311095707472,0.0147347881578737,0.0253042435515398,-0.0214298332353247,-0.00267696058311545,-0.0029740464346754
"FOXJ2",-0.0231771589467094,0.00212595211083187,0.0196165945016025,0.0159820190282137,0.0143853836363283,-0.0101241867811309
"FOXJ3",0.0272027564340956,0.0429926648135246,-0.0128250030337781,0.0234025180153854,-0.0382209361821521,0.00575987694484959
"FOXK1",0.0140348744273215,-0.00410877952870767,0.00953272760512787,0.00603017447170449,-0.0264941777692328,0.0346572955876226
"FOXO1",-0.0313466474879282,0.013963268748785,-0.0129244868960815,-0.0015309848430986,-0.00410764503823954,0.0171480294459068
"FOXO4",0.0441004785374599,0.00438564385127734,0.00433524551697172,-6.78008831212975e-05,-0.00610900788792971,0.00521444276184858
"FOXP1",-0.0281766478973695,-0.0222988650083074,-0.0292104722693337,0.00145770376866871,-0.00112978880423616,-0.0267186559561884
"FOXQ1",-0.0193701391804624,0.0272797444556877,-0.00611412753119503,0.0139595265292439,-0.0183157538310994,-0.0116223680363112
"GATA3",-0.0265060606069225,-0.00193268431365536,0.039492130243627,-0.014949642513803,0.00961098629038015,0.00339772911214861
"NR3C1",-0.0179890837273381,0.0253453908375154,0.0116419606540162,0.0270780307170194,0.00918002328231334,-0.00723431573272206
"GFI1B",-0.0259212611786695,-0.0462548944415863,0.00905958678550362,0.0205729017298227,-0.0290763216501734,0.00100093913741896
"GFI1",0.014046607736933,0.00931467308434798,-0.0023495675305343,-0.0702428475791376,0.0136782814021945,-0.0103798557705673
"GLI3",-0.00523085032249991,0.0124194696454103,0.0454949847906466,-0.00954989324666529,-0.00579030857373225,0.0377052063752152
"GRHL2",0.322413458173299,0.286845349566407,-0.049631560295205,0.0112335170623777,0.014538551347757,-0.177838736183132
"HEN1",0.0489505350150385,0.0314319840898779,0.00671076370208195,0.00754547043258683,0.0170291826007945,-0.0390765533138334
"HIC1",0.0531919743220159,0.0219830012944952,0.0357106863321875,0.0459509331114964,0.0133947683439039,-0.0395691783738548
"HIF1A",-0.0160281103439874,-0.0185080763477348,0.016199665430833,-0.0641265588872327,-0.0387134584082708,0.13801252176381
"HINFP",0.02707878602366,0.105528325995202,-0.113163715940197,0.0160979850233501,0.0187390677971452,0.0215040182229929
"HLF",0.0671562004048396,0.0274333227197179,-0.0028202414590138,0.0191653485762361,0.0318274680162215,-0.0208319396863598
"HNF6",-0.0720869834513022,0.0117987898541334,0.0110705820432317,-0.00701413495958883,0.0231574669707119,0.0035982980362845
"HSF1",-0.0546306951614509,-0.028346437211743,0.0301598853512198,-0.0329369820537394,0.0163187856341178,0.0174770272508031
"HSF2",0.0279173862796711,-0.0290687238470874,-0.0132432885002386,0.0270046925106828,-0.0532865508712001,0.0210727158264388
"HTF4",-0.00606706514533452,-0.00249114459548589,-0.0195406011483741,0.00316118125028279,0.00462210963775393,0.00275074108194566
"HXA10",-0.0336474210520795,0.0465854633027648,-0.0124275061594996,-0.0083175942331939,0.0275380484007729,-0.0228311428221412
"HXA13",0.0246483197968919,0.00760125304362402,-0.020972859550435,8.53912973969594e-05,0.00437022482073091,0.0541865084219458
"HXA1",-0.0306904057627431,-0.0262871128458452,-0.00142266027388483,0.0208127238095878,-0.00171815171621878,-0.0268684450166046
"HXA9",0.0326149299291411,0.061024260110994,-0.0403019323831045,-0.0174410047896483,0.0678457840923981,-0.0529852644591235
"HXB13",0.0309131072964541,0.0444928241315769,0.0210887504356448,0.0217036516735995,0.062766943764313,-0.130862437523032
"HXB4",0.0266158295965712,0.0209046756731526,0.0159511674528062,0.0415711556098333,-0.0253261209044013,-0.0443298100005547
"HXC9",0.00807139934431373,-0.04634784325728,-0.0459934207333884,-0.00522616821976933,0.0563662273418476,-0.0118819009872031
"IKZF1",-0.0237037829021595,0.004558430009877,0.0134582903874524,-0.0011530490817827,-0.00517976697814449,0.00965749614108893
"INSM1",0.0186309200878816,-0.0148125915853378,-0.0512207840495253,-0.0154704733531637,0.00719470165594628,0.0144904032427325
"IRF3",-0.0194121838767625,-0.00723882448589955,0.0272865493403346,-0.00184195316399521,0.00518975083628958,0.0134034206147087
"IRF7",0.0178454335945064,-0.00213061652561706,-0.022273785734925,-0.00772996206780654,-0.0113476730000059,-0.00741790017083687
"IRF9",0.0299129327067099,0.0363120391007505,-0.0385217400714465,0.0154906391465755,0.0155240615792862,6.09799396070526e-05
"ISL1",-0.0180162957239058,-0.0166422933278611,-0.0273295728913627,0.0167461053086237,0.0462380690943701,-0.0548464706279645
"KAISO",-0.0371027528181993,-0.028034066509129,-0.0282025431594799,-0.0180201631557067,-0.00890960201365566,0.0207478564063234
"KLF8",-0.010819347554769,0.011574941779308,0.0071381940677811,0.00425291341754493,0.0126443524093369,0.0028752487592431
"LEF1",0.0105109708900788,0.0159124547315618,-0.000814144771689217,-0.0022494553364849,-0.0134422290975581,0.00192362010677341
"LHX2",0.0191090230243931,0.0508354529320167,-0.0182739539772365,0.0433814321952261,0.0519324424591706,-0.0658171068543037
"LHX3",-0.0135845360125745,0.0179255353681613,-0.000747911965927382,0.044730196518551,0.0250524029989524,-0.0218093196097369
"LYL1",-0.0149797691259847,-0.00962049084396613,0.00282381702251826,-0.0261762445203998,-0.00898714990266031,0.00212079567618586
"MAFB",0.0331543706164265,0.00153740753519523,0.0151040290542816,-0.0102254005035812,0.00434007758161293,-0.0222614314062794
"MAFF",-0.00557185368918473,-0.0277815090590261,2.82292269257191e-05,0.00266179561090167,0.010888637677488,0.0240593416157052
"MAF",-0.0163550234272037,-0.0280657858417702,0.00273063244815531,-0.0343355319668187,-0.0271970469479137,0.0435256534751373
"MAX",-0.0141390527484545,-0.0168851765738224,-0.0099895024592846,0.0700511182188231,-0.05389961469374,0.000729183357541305
"MBD2",-0.0173203349823207,0.0196771718249617,0.0122062654200615,0.00167774665694621,0.00814328039603663,0.0180522855389553
"MECP2",0.00753415781780115,0.033027321427206,-0.0247298855196267,0.0147814599952386,0.0236827968025499,-0.00096289541621883
"MEIS1",-0.0153817763055836,0.00305460924889771,0.00603942854583604,-0.0237447812687798,-0.049195448437764,-0.0691398766534218
"MEIS2",-0.0333886321434756,-0.0668050659099294,0.00766849843803102,-0.0323477798491328,-0.0176152460656952,-0.0275660733045536
"MTF1",0.0263180584233294,0.0399602313770706,0.00308456536464899,-0.0402802650484037,0.00152207151044408,0.0241542646177499
"MXI1",0.0370804174680064,0.00360377363097552,-0.0055917176285057,-0.0110524821183034,0.0276562302766336,-0.00554434028998183
"MYB",0.0468856190762711,0.00257604377488711,-0.0240352117346766,-0.0447064181118911,-0.00602108802458599,-0.0192066971296469
"MYCN",0.0342271851662835,0.0242795941526652,-0.0231196741744852,-0.0355786055830699,-0.0521521889618463,-0.00954886216717218
"MYC",-0.0524772537909959,-0.0227547519065711,0.0144911562743202,-0.0418096584738154,0.0172340320803074,0.0302047470587623
"MYF6",-0.0138638144886695,-0.0320790187514022,0.0423128822610094,0.0239563443584323,0.00238930664727494,0.0453717299382245
"MZF1",0.028091828411959,0.00534039506482025,0.0181504589499034,-0.0268456574355709,-0.00432860390231184,-0.0039078791544336
"NF2L1",0.0205796469337408,0.0355955642066227,-0.00209496801790628,-0.00293809694803099,-0.010015596790482,-0.0429117586436727
"NFAC1",-0.0289730261520739,-0.00981241158109687,0.00978805549981382,0.0379486164108853,-0.0092419141874606,0.0217211366235173
"NFAC2",0.0241432736570265,-0.0080691012385368,-0.0150975775175246,-0.0478269624127083,-0.0307871041394624,0.0179846659134028
"NFAC3",0.034796078935405,0.0551755822553775,0.0128839681536896,0.0244781765889698,0.012201769781796,-0.015846996995531
"NFAC4",-0.00652411190290842,-0.00400788947624851,0.0381793779042372,0.0449558264225597,0.015774552157525,0.0158593294970406
"NFIA",-0.0369823730799398,-0.12212280794984,0.0138022142787593,-0.0903850802581874,-0.0830819060016169,0.127361657322415
"NFIC",0.0561740427881811,-0.0514237309980117,0.000654113559465636,-0.0339817265701615,-0.00375183084401232,-0.00321127664347455
"NKX21",0.007498358475774,0.0040883051979294,0.022499436936956,0.024931049905443,0.0193274188821768,-0.0633788683771265
"NKX25",-0.0140878269500647,-0.010738879529,-0.00485347328002497,-0.00578705737901931,-0.00957618119215686,-0.00623017536061264
"NKX28",0.00356005943940881,-0.0359046334582495,-0.0182047220997451,0.00540445066278905,0.0541112936166589,-0.0128600022072032
"NKX31",-0.0230942049379881,0.0177357676728224,0.0084056362493984,0.0224427028088057,-0.0355293544708559,-0.00787517896159227
"NKX32",0.016149076463467,-0.00793554704773085,-0.0409200661608783,0.0554959042970599,0.0505855884054028,-0.0155166962920067
"NKX61",-0.0512986905422292,-0.0296208255179618,0.0113850509822431,-0.0140659343920732,-0.00365313356615953,0.0152966618653692
"NOBOX",0.0180385476155554,-0.0253661045947928,0.0056008514092248,-0.00432938228787365,0.0298969030743259,-0.0203551595851379
"NR1D1",0.0531884129998448,0.0167233450761142,-0.0286660282463073,0.0123361767834399,0.0183427231740873,-0.0331811704102196
"NR1H3",-0.0271616117233423,0.014230893618732,0.0110499876647829,0.0524536549627479,0.0107490649516997,0.00441306384015841
"NR1H4",-0.0184057367151582,0.00496210236121523,0.0144574425152569,0.0229279557791634,0.015885579801928,-0.0170959334645263
"NR1I2",0.0479343754451396,0.00193626438552532,-0.00457061827676501,0.0266306105092977,0.00699046540084898,0.0313758036041676
"NR1I3",0.052223339358416,-0.0166320252777235,0.02531957171453,-0.0121473126973161,-0.0626363325744311,-0.0336146021398918
"NR2C1",-0.0438164260058075,-0.0201958737471663,-0.0138370840468406,0.0013416280985484,0.00563481964248408,0.0349475140772676
"NR2C2",0.0306775105997444,-0.00694328057256989,-0.0100900290821207,-0.00537076648672973,-0.0085167338833412,0.0572152837909021
"NR2E3",0.00807855758969412,0.0370493697465559,-0.00903515585665888,0.00775673734352998,-0.0366408555475056,0.00438440047053324
"NR4A1",0.0219211108499526,0.0583966668980561,0.00786742699919693,0.0225514492402037,0.0116972704426011,-0.0302958985014905
"NR4A2",0.00429886332397129,-0.000177806100381817,-0.00381651851423711,-0.0385050791020884,0.0150836455489421,-0.0337807534509841
"NR5A2",-0.0574274735093053,-0.0214871447965052,0.0239184502179729,-0.0427302878031016,-0.0498295575289098,0.0818800309779969
"NR6A1",0.0127487519612277,0.0302333319542256,-0.0474192620077815,-0.00545720174067628,0.00203004618694352,-0.0132327039850886
"NRF1",-0.0419810054227388,-0.00468324496927824,0.030866535027716,-0.00276229190516145,-0.0161000859153493,0.00930556257163146
"OLIG2",-0.0638608604382278,-0.0334677080218024,0.019147211414609,-0.0250487696372515,-0.0202604168271519,0.011280419298327
"OSR2",-0.060213080469123,-0.0145887957801793,0.00666419127661164,0.00170971433909936,0.0206692381575311,0.00310050367231091
"OTX2",-0.00341812180922878,-0.0264563838488292,-0.00700767077243243,-0.0492939027413338,0.050388204046619,-0.0349526138289286
"OVOL1",0.0397854415434099,0.0283464539343809,-0.00386449892609892,0.0308579747828495,0.0193844496059221,-0.00722003210486997
"OZF",0.00183192343662148,0.0102945525385969,-0.0236125665554402,0.0377312202520769,0.000987846651703139,0.0249731385100512
"P53",0.0280712661910927,0.0348493925540425,0.0253626936749108,0.0253739849322546,0.034436770727522,-0.0457493479960342
"P63",0.0530233477932422,0.0309072939854984,0.0140603806641298,0.0462890438652732,0.0530617884744564,0.018345839767049
"P73",0.0129684263639949,0.00753058413066777,-0.0344346860725999,-0.0181590538419991,-0.00561323709346892,0.0171410374145349
"PAX5",0.0158456444264173,0.0172811340238265,0.0136609486100999,-0.000559120795562807,0.0334790845764645,0.0145089391806579
"PAX6",0.0224690216351979,0.00922030202550678,-0.0371104147355653,0.0316174221834406,0.0321370869297984,-0.0372275972978102
"PBX1",0.00646121477083728,-0.0139448755592617,-0.00255511347504013,-0.0290830813677722,0.0308091343392611,0.0303707090772827
"PBX2",-0.0245438183588438,0.00462282012192485,-0.00986022844533726,0.0130272976705203,-0.0218085496266119,-0.0065727079330885
"PDX1",-0.000441911567920399,0.0218380085332396,0.00978116100660122,-0.00970111138468987,0.00870264153480048,0.0358824909302113
"PEBB",0.0508086626756539,-0.0111460533442391,0.0241221857211436,0.00803771679004497,-0.0462639340167716,0.00343526052859247
"PIT1",-0.00745278650070205,0.0192611759181114,-0.00729353275784194,-0.0116128849721282,-0.0111822455431873,0.0239020375654891
"PO2F1",-0.040481485004997,-0.0202835424639063,0.00476514411471606,-0.0132612504336397,-0.012065001779069,0.0393433920780275
"PO2F2",-0.0640350827021479,-0.0362361014710092,-0.0295809076915262,0.0276168554785174,-0.00802713358086926,0.0369959043924851
"PO3F1",-0.0666413763955299,-0.0617843234787615,0.0169448493724757,-0.0166704253571035,0.00988014534409778,-0.00500630974707426
"PO3F2",0.0194126767018123,-0.0476421377759749,-0.00782160127782094,0.0196540371513695,0.0190876812449662,-0.0126329349314685
"PRD14",0.0378111877883534,-0.0109800824691415,-0.0207027490674009,-0.0145916581134626,0.0120693494529742,0.043202671979129
"PRDM1",0.00374568436719965,-0.0287030536873933,-0.00749090089165909,-0.00171609882411014,-0.00892002419492256,0.0372445914059499
"PRDM6",0.0166801688249093,-0.0255742527662654,-0.026266542085964,-0.0263253935814009,-0.00724486912261121,0.0262656677679681
"PGR",0.0161299242021391,-0.00849084980259933,0.0149645869242324,-0.0287853709878501,0.0154008640683707,0.00372945810208564
"PRRX2",0.0140737379921235,0.0117160466961644,0.0202069035675674,0.0143875975859712,-0.00610121386773672,-0.0492548925986479
"PTF1A",-0.0101036848248012,-0.0197273125737971,-0.00510773020095845,-0.0189694792518555,0.0123211279024488,0.0100498280411724
"RARA",-0.00573163745434133,-0.00452113829882069,0.0109822480250376,0.0255309585764363,-0.0104281168626497,-0.0203679328568917
"RARG",-0.00370864658523002,0.0188350475605429,0.0238746929052305,0.00804215128628413,-0.00361396514980041,-0.00501076864585037
"RELB",-0.00778704747391238,-0.036827502247632,0.0470455264469032,-0.0200702785312069,-0.0333065591617696,0.0117652375311189
"REL",0.0124092975364027,-0.0175738823882032,-0.0244863291894124,-0.00521142406742323,0.00960963490796492,0.0181311089511034
"REST",0.0241461399141048,0.00120045685714614,-0.0167146426767723,0.0192370686814724,0.0163293242128561,0.00536038207510401
"RFX1",-0.0377219960466482,-0.0130148987339661,0.0224751453325089,-0.0328232791392696,7.82401146413296e-05,0.0247175621455588
"RFX2",-0.0655484459208792,-0.0278067260006876,-0.0151132933850054,-0.0019662447511038,0.0239038025460867,-0.0254916220157585
"RFX3",0.026770026075154,0.0200637780435925,0.00817536122044828,0.0645406008670909,0.0438234552393196,-0.0819435444258627
"RFX5",-0.0117181516261927,0.055463895112011,-0.0117748331035621,0.0748012547754435,0.0558232736256004,-0.0956667626493655
"RORA",0.029011480933889,0.0117216575194372,0.0213581436681436,0.0165679765217585,-0.0351236907340265,-0.00579928993336901
"RORG",-0.0110707397508243,0.0135096268479129,-0.0345046825178244,0.0545932312033265,-0.0203200918134582,-0.0124224895008186
"RUNX2",0.0192544034485129,0.0081361244719325,-0.0220825782636405,-0.0128216635017555,-0.020303423222407,-0.0114376582093695
"RXRA",-0.0197116178494749,-0.0142387326230672,-0.0161407590956569,-0.0099929944610071,0.00414786389285882,-0.012594757117219
"RXRB",0.0109790397164859,0.0243316022396166,-0.0201422134164472,-0.00550483184283735,0.0231263404463508,-0.0286820226694349
"RXRG",0.0434133378514421,0.038209154623526,0.00182874000209244,0.0105815610308247,0.00946511556063747,-0.0560078128432122
"SALL4",0.0011732597291861,-0.00644951978707538,0.0101582418474502,-0.0080680522451031,0.00538452168239709,0.0147961205479185
"SMAD2",-0.0544667353851914,-0.0172080284444823,-0.0342072361254554,0.0259553348507603,-0.0112159581704581,-0.0225738081045989
"SMAD3",-0.00636826227158936,-0.00267639544770951,4.57813905543423e-05,0.0140215705301164,-0.00491224611227585,-0.00927440717152857
"SMAD4",-0.0219722268770046,-0.0274299175057245,0.0454932557647587,-0.0474603282594678,0.0235857872151384,0.0714144673490673
"SMCA1",0.031415299577657,-0.0198893145292065,0.0115974981717247,0.0270204929046917,0.0111568549322587,0.0229230044063868
"SMCA5",0.0197393719455123,0.00947426848123313,-0.0223071641599962,-0.0234981129476521,-0.00195951019115451,-0.00238702871167061
"SNAI1",0.0118606359872326,0.0170949418158434,0.034152576731974,0.0119143553312772,0.0519724169208006,-0.0321041325762902
"SNAI2",0.00804800342664143,0.0763891073228592,0.0135782823291825,0.0264791234821099,-0.00118120092694762,-0.0598825749268476
"SOX10",0.0324487673360544,0.0109911613407755,0.02062060237426,-0.0113177786709397,0.0124278600919486,-0.0181744267876797
"SOX17",-0.0100319818673737,0.0198571393640603,-0.0336711136232081,0.0324274557543904,0.00798484132073617,0.00367379674262729
"SOX3",0.0343406281658974,0.0224256817114189,-0.0435820680237397,0.0254285820111776,-0.00928308254117278,0.033277248248886
"SOX5",-0.00688126018702086,-0.00401632126802108,0.0090874744163181,0.0571123847406308,-0.0143749103150814,-0.00698045759948856
"SOX9",-0.00458933228755425,-0.00492984585081074,0.028109159740059,0.0316366024686523,0.0116115400967035,0.00603955629952285
"SRBP1",0.00888798474419973,0.0349310959874061,0.0012554749916884,0.0292192877008487,0.00820317739563532,-0.0160856353125911
"SRBP2",-0.0251124677720642,-0.01386384345203,-0.0224728794731083,-0.00793062003359176,0.0112784660661682,-0.000124207640404468
"SRF",-0.0246582123742368,-0.00891426352277224,0.0359764115803004,-0.00751170639670359,-0.0481608260044198,0.0267428664378877
"SRY",-0.0174429855054965,0.00176211696070426,0.026445783577129,-0.0365227377865781,-0.0175054246853229,0.00180953597575418
"STAT1",0.0544423130893803,0.0193587757291878,0.0192452621002485,-0.0106578478890182,-0.00416095196425972,0.00589174972124401
"STAT3",-0.0144821269203688,-0.00227996178709536,-0.0399356007016324,-0.0211102436267253,0.00296421978620743,0.000362939034559208
"STAT4",-0.0137446510873658,-0.0433695820968304,0.0153178761677078,0.0304417632810158,0.00674101363810633,-0.0044715686048464
"STAT6",0.0312169821495624,0.00463185046144359,-0.00638277963213916,-0.0233456549772525,0.00303118858919755,-0.0125553307249107
"STF1",0.0278341165859189,0.0152538472838461,-0.00795186479190409,0.0384953207285773,0.000578738156649862,-0.0331259716040486
"SUH",0.000642636443026362,0.00780766515771879,-0.00621075348112541,-0.00769421719075085,-0.00173896565344043,0.00983408772460562
"TAF1",-0.0222535027322276,-0.0122427370434214,0.00932679141598871,-0.0370443012914341,0.00703139407580021,0.0167326538184561
"TBP",0.0116473417538564,0.0398475968345761,-0.0423480357454733,0.0320022654224232,0.0109123476885679,-0.00213441586350838
"TBX21",-0.00924062725566601,0.0120483909484582,-0.01182541842425,0.0186468305528317,0.0121604265927259,-0.00486607107620328
"TBX3",0.0163899639584355,0.0120873244729277,-0.0140583985412294,-0.00332407204693538,0.0136538622609035,-0.00842509653323589
"TCF7",0.0587517244465416,0.0192542913540217,0.0195210285544388,0.00608906802852017,-0.0117099289676048,0.0127369594230345
"TF65",0.0129887301750156,-0.0107982985981056,-0.0123339731390315,0.00773283267716252,-0.0194710983380355,-0.0142693700849939
"TFAP4",-0.0186057575415533,-0.0379680683507893,0.00536347063818386,-0.00106559735452207,-0.028099990934862,0.0389024020907493
"TFEB",-0.0473192024065983,0.0303396052853727,0.0793096492269913,0.0452466761059303,-0.0302212485578314,0.0268531693140335
"TGIF1",-0.0345869925799704,-0.00126176719758845,0.0223575863454651,-0.034344248890628,-0.0154915871054772,0.0507633400676724
"THAP1",0.0288163634281682,0.0261588108762009,0.0196638349255942,0.0320936071977929,-0.0417902871493111,0.00531517716916081
"THRA",0.0322598160704583,-0.0109343621784989,0.0214626165676894,0.0102911231687269,0.0181904986918162,-0.00473057301316349
"THRB",-0.00753597430959634,0.0250205728224166,-0.0288600904439818,-0.0112817927163415,0.00327384823531918,-0.0242091857994586
"TWIST1",-0.0647080491161776,-0.036192911034123,0.0472609655098889,0.0170255923311466,-0.0342265584727776,0.00902611218321819
"TYY1",-0.0561543502263273,-0.0408869948778706,0.0228621139373241,-0.0408682279223265,-0.0482223854142683,0.0576941464293004
"VDR",0.00157978348475859,0.0553671106976536,-0.0248154063027849,0.0237436874585494,0.0414973199957447,-0.0395318905781381
"Z324A",0.0239387766660381,0.0256094582776072,0.00467250784788788,-0.0122340477835963,-0.0232071691678637,-0.0182017692343989
"Z354A",-0.00894611356727578,0.00946883843823768,-0.0110750690848002,0.0153939235812224,0.0152407684921234,0.0113292077285867
"ZBT14",-0.039223984285697,-0.0477456994235775,0.0158502219564535,-0.0124518582568439,-0.00966339507421557,0.0335105422076756
"ZBT18",-0.0342058937079253,0.00484109116388638,-0.0342762706572493,-0.0234159490768208,-0.00408863720032302,-0.00023540396662953
"ZBT48",0.012614106975437,-0.0567768315637176,-0.0157412282051826,-0.0313166502231543,-0.00112886796815946,0.0131485830980762
"ZBT7A",-0.0228535355927347,-0.0464733365935417,-0.0181553008864627,0.0214023939605646,-0.0125908896716988,0.0218956510979553
"ZBTB6",0.00943156787230337,-0.00670060593462141,0.0406887519722729,-0.0193433264717289,0.0044827278759321,-0.000173472733639106
"ZEB1",0.184677618962159,0.214058681916165,-0.0493967764193649,0.0455390572252468,0.0717131199089252,-0.129149457775047
"ZFP28",0.0137366913911191,-0.0135233686599718,-0.00249523566154473,0.00831431861366024,0.0160419995825548,0.00172668159146276
"ZFP42",0.0290503706806009,-0.0350972388896699,-0.0162393969432067,0.0274576696948087,0.0127358815368864,0.00238555116332331
"ZFP82",-0.00681704037314735,-0.00487321878665014,0.00599174694608543,0.00628855004766144,0.0151167925161304,-0.0105182783788711
"ZFX",0.0182433522098954,0.0222090987714103,0.00206299293142107,0.0249815788200177,0.0291288030186442,-0.00392210442513357
"ZIC1",-0.00662576905189969,-0.0419366000708258,0.0156532693411745,0.0145461114133273,0.0256222486786517,-0.0161598363106127
"ZIC3",0.0467344980633234,0.0268008301675121,0.0156732512201508,0.0368649278737819,0.0170880410227462,-0.0257681297169625
"ZIM3",-0.0103023837213216,-0.00470286388346676,-0.00403165269485754,-0.0198747786289912,0.00878788503513754,0.0215302391327719
"ZKSC1",-0.04202005636661,0.0200021531227127,0.0109936688688147,-0.0129315412703449,0.00567523111888979,-0.0121057102881287
"ZN121",0.0227052580768586,-0.0231023735574965,0.00227642232696504,-0.016308747936482,-0.034860867047831,0.00387743192809393
"ZN134",0.00309104689144549,-0.00202126923833339,0.00949015554902193,-0.0441282856367972,0.00808876763734196,-0.00183843337546675
"ZN136",-0.0139948297936243,0.0164655031391871,-0.0170493278198308,0.0435764354455512,0.0172003877889838,0.0443488593653086
"ZN140",-0.00161193124869296,-0.0170772867031935,0.00378030974573868,0.00383113696412577,-0.00823533101945804,0.00915243876146525
"ZN214",-0.0142238620555288,-0.0481578438533465,0.0474101290634036,0.0027838696564831,-0.0147890569794086,0.0260176598080067
"ZN250",-0.0229490924177263,-0.0641224411622518,0.00662275821988616,-0.00751733678495343,-0.00504095295311433,-0.0255133788919712
"ZN257",0.00233761579142762,-0.0245029233292071,-0.00376496435536309,-0.0058363220975207,0.05223267299467,-0.0156842991520678
"ZN260",-0.0298199413904186,0.012045664749791,0.0290799973460494,0.0610111472248733,-0.00767863262771948,0.0267243292968977
"ZN264",-0.00394047385009993,-0.0549519309360774,-0.00475965762221532,-0.00484927673602199,-0.00325830585416764,0.0436563388763216
"ZN274",0.0222891516336099,0.00745998825010378,-0.0151240473122872,0.00404954487242315,0.00724741895357861,-0.0150032068987244
"ZN317",0.0051434549944823,-0.0190613141323467,0.00956018107109948,0.0234712410644195,0.00791917841042138,0.0512505165531237
"ZN320",-0.00168342748080354,-0.0103188645847275,-0.00618274066553265,-0.0128250528736895,-0.00139179697621611,-0.024642687377664
"ZN322",0.00859491509339641,-0.00924131748516337,0.00484211671865447,-0.0406923491141969,0.0251549101634937,0.00456533988595959
"ZN329",0.0368383268931686,0.0505622055157139,-0.00223530319054041,0.0284529217136333,0.00268181453617855,-0.0577956209324891
"ZN331",0.0124533347587134,0.0140510024074501,0.0027887905737426,-0.0272033238572316,0.0131434722990691,-0.0171768813307567
"ZN335",0.00909857952741665,-0.00210417557204217,-0.0149461116583043,-0.00619925510650647,-0.00560538763014178,-0.00601330623930382
"ZN350",0.0230801996120893,0.00139965731733325,-0.0385305198195784,-0.0151448155668006,0.0274550610572646,-0.0357757810289977
"ZN382",0.0196843116663257,0.0378817805709021,-0.00871309128404537,-0.0309815405961364,0.0226612696058833,-0.00643697312362464
"ZN384",0.0377299604367992,0.0267949186566671,-0.0122995177302665,0.00629693869449043,0.011623673586456,0.0690303783120703
"ZN394",-0.00629177833960861,-0.00409383736442626,0.0163115883018448,-0.00997707762068364,-0.00551708403320272,-0.00777985234698476
"ZN418",0.00310007741650923,-0.00618042710376038,-0.0182200714430646,-0.000875517139286261,-0.0174539308146604,-0.0347490891816866
"ZN436",-0.000191333145140069,-0.00584626555912764,-0.0143661100150167,0.00616465182165219,-0.00470682672428572,0.0204585017655261
"ZN449",0.0362846337926517,-0.0185654292656202,-0.000622911410166394,-0.00558329828865899,-0.0102365176926409,-0.0589560291535396
"ZN490",-0.00992852583440446,0.0146885293928982,-0.0110376247859261,0.00738574070621143,0.0242737141386284,-0.0453282790625345
"ZN502",-0.0197069179635934,0.0301436008967944,-0.0166879556212152,0.0133368085909045,-0.0154151107834901,0.0187988300081658
"ZN528",0.0205578466099699,-0.00931582044571735,0.0245203559704172,0.0164317531710542,0.0449297089672277,-0.00681189142496001
"ZN547",0.00835091921223339,-0.00175703996589686,0.0146520688259319,0.0165034626130355,-0.0252682920539986,0.00771812342840756
"ZN549",-0.00823353680821812,0.0284666731973109,0.0122733236628956,-0.0352192146954305,0.00879410113254557,-0.027472694245153
"ZN554",-0.00649132053703417,0.0313524505240083,-0.00463590585377165,0.0250775235670409,-0.0156603811555696,-0.0104995111591783
"ZN563",0.010626649711547,-0.0087001046361683,-0.0205780794274061,-0.0284001762298616,-0.00241548791666327,0.0123580006361678
"ZN582",0.0506736425749569,-0.0306404547919457,0.0358824064179241,-0.0224609986690153,0.0580976001979624,0.0309137611729982
"ZN586",0.0077002125799995,-0.0262467705165539,-0.0431714640811247,-0.00963906917378062,0.0346975647056817,-0.00869998920666848
"ZN667",-0.0199063426416022,-0.0131108648604011,-0.00017610281828997,9.08416763913087e-05,0.0173083066185863,-0.0252712746480154
"ZN680",0.00506844664402398,0.0244914408135248,0.00805229137339475,0.0148362160054822,0.00731973420675539,-0.0164524148799142
"ZN708",0.000926737327845654,-0.000705745299935901,0.018307369018736,0.0221612853537611,7.7835014014277e-06,0.000878360272135162
"ZN768",-0.00948822134725674,0.0342418046559791,-0.0208368434176093,-0.0164946571359309,-0.00700368809129028,-0.0121962008550844
"ZN770",-0.00884147610991416,-0.0275188246634972,0.00540759788123328,-0.00251724844405788,-0.00448086676689824,-0.00810621657441128
"ZN816",-0.0185645298641183,-0.00378190402710844,0.0227050597142588,-0.00985959394762657,-0.0109669830495387,0.0134785884042694
"ZNF18",-0.0214074501517281,-0.00176635336368316,0.0215219031748435,0.0101447022275899,0.0170675112114549,-0.0653894370322751
"ZNF41",-0.00427092587700074,-0.023980329960139,0.00909339684410658,-0.00853925797605912,0.0270178878581195,0.00762873934182917
"ZNF76",-0.0074319805910767,-0.0240297529498396,0.0331973910754197,-0.0124439796117793,0.00435185379729389,0.0196866975909323
"ZNF85",-0.0259404518494312,-0.0270981117242446,0.0303258588745303,-0.0039456108249375,-0.00483064533723293,0.0182363215766115
"ZNF8",-0.0251660833974426,0.0152590495353496,0.0514023110552043,0.0266154805754993,-0.00104884749429705,-0.00679074272778868
"ZSC22",-0.00115193675227207,-0.00631607687721073,-0.0130528409438484,0.0177283465228664,0.00286056102342893,-0.00627508825928347
"ZSC31",0.000920604201028868,0.0284336376853671,-0.015706081721716,-0.0123392464202608,0.0105685040823208,-0.01512413238926
"TFGroup_1",0.122029113124064,0.0839886202916535,-0.0383356778111111,-0.0202706484459225,0.000307026298725206,-0.0402803431419652
"TFGroup_2",0.0419288366634617,0.0158848104246007,0.0243565442969775,-0.00325869920753753,-0.00777199727357189,-0.0210701276662742
"TFGroup_3",-0.00336938220596006,0.0237065491502602,-0.0684332589399436,0.0152462755249925,-0.0521432322304979,-0.0266430732348672
"TFGroup_4",-0.0229262232744563,-0.00296398248733373,0.038084358966982,-0.013685233652073,-0.0760876103618085,-0.00033919597262833
"TFGroup_5",-0.13675756268164,-0.125571935111233,0.0168009915518015,-0.0687160775881122,-0.0500888624318265,0.0730381483315263
"TFGroup_6",-0.00913438258659606,-0.00705576303197224,0.00835307078310518,0.00810553088257301,-0.0289673126647016,0.00441466946699816
"TFGroup_7",0.00199857631920134,0.0190063704187034,-0.0147709530586048,-0.00124161934172804,-0.0232193218505702,0.0146623447451441
"TFGroup_8",-0.0372669784375832,-0.0704458143449951,0.0252827130994145,-0.0569923000445762,-0.0547683994481499,0.115046509609691
"TFGroup_9",0.0361166168586502,0.0423504692441511,0.0219974404288547,-0.0080322802136575,-0.0427222227456644,0.00110524866541354
"TFGroup_10",0.0138596619157653,-0.00884479904853504,0.00102826803387088,-0.034878303214357,0.0293577480643052,0.0194759317507607
"TFGroup_11",0.0792330085919672,0.0366350003957175,-0.0133966864345714,0.0153269867028416,-0.00512071571809955,-0.0145005439182061
"TFGroup_12",0.0161950918449861,0.0183005265159347,-0.0240181300557773,-0.0206449501731663,-0.0149171379710951,0.00256098184522139
"TFGroup_13",-0.0463637979019434,0.0139101168542559,0.018029389314617,0.0145500956630355,0.00570144855332044,0.0213181124789879
"TFGroup_14",0.20612988911562,0.171148785207807,0.0136341156595927,0.0227709546694853,-0.0116922163441925,-0.0463811657495398
"TFGroup_15",0.00459296839034197,0.0381686010253915,-0.0326533687834714,0.0663534093686851,0.00531619377451275,-0.0557916352818769
"TFGroup_16",0.0513990726178961,0.0286601371644317,-0.00813278837878552,0.0105451598368738,0.0818763280991334,-0.0233949062851613
"TFGroup_17",-0.0180187786416086,0.00373169437786108,-0.0196696052519663,-0.046147473749264,0.0359918324304346,-0.0307049700099949
"TFGroup_18",0.0647686867969853,0.118245175153523,-0.0393889759408187,0.103620245556396,0.0252754468422364,-0.0688869150261801
"TFGroup_19",-0.0415072295446261,0.0132109330843211,0.0207333549563721,0.0263178170012452,0.0160399989751303,-0.025125642331426
"TFGroup_20",0.0596870343832754,0.14329111603886,0.0501914923013653,-0.000591418974411326,0.0983201067429425,-0.11904048174569
"TFGroup_21",0.0476058482642542,-0.00765284012807708,0.00386117890713656,0.0395003476703085,0.04912172602988,0.022644845241167
"TFGroup_22",-0.0146661474160328,-0.0271330413590739,0.00805010251476657,0.00862145743648033,0.00244716867897891,-0.0026402928000495
"TFGroup_23",0.02031048278692,0.0119056650486409,-0.00376856067999678,-0.0193709171958495,0.00871033720233161,-0.00267169361941611
"TFGroup_24",0.00647788333559719,0.00686899258456098,-0.0131963484352376,0.00485890452952318,-0.000301564024170125,-0.0166451271208896
"TFGroup_25",-0.00369412978603241,-0.0120696380192609,-0.000362609513384847,0.00513550311296126,-0.013112583719787,0.0247627174829406
"TFGroup_26",-0.0224950807174994,-0.0298224224676007,0.0156939645908675,-0.0243581399804786,-0.0473093921715284,0.0186956434581961
"TFGroup_27",0.00284933945087352,0.0326653602873744,-0.0306651276223693,0.0150852656191923,0.00779125015396114,-0.0524395134960388
"TFGroup_28",-0.0318337934441687,-0.00414595184408384,-0.003424910672578,-0.0205341537725423,-0.00475257978977916,-0.0129969875972646
"TFGroup_29",0.020005025982254,-0.00342385232400725,0.00407111043241056,0.0429958702937393,0.0124952128365892,-0.00755335172750828
"TFGroup_30",0.0263594026886362,0.018764177133346,0.0112229862351873,-0.00423825469569271,0.0389353747486595,-0.0254788903461123
"TFGroup_31",-0.0394521025691551,-0.0236049810230836,-0.0139646730262772,0.0112826068969592,0.00567030875737358,0.0253443015916462
"TFGroup_32",0.00786559293126961,0.00564526213859908,0.0369356107620745,0.0141363197110582,-0.0498503687775738,-0.00556768051818535
"TFGroup_33",-0.0174090620787274,0.0106603145115798,0.00687701800868167,0.00456115522872201,0.00302522713261776,-0.0260983018830043
"TFGroup_34",-0.00143362562298828,0.00312694404378195,-0.0277659088799962,-0.00841649602693836,0.0043893959917656,0.0166182028600471
"TFGroup_35",0.104088877809347,0.0831632546485612,-0.000347587805926714,0.0330102481111221,0.0246496071974232,-0.031427497369772
"TFGroup_36",0.00932972442467788,-0.011419301123085,0.0152647294297094,-0.000149652373758684,0.0373790844782805,-0.0266231354594162
"TFGroup_37",0.0295998285173306,-0.0275135154332199,-0.00279221839741973,0.0370045718717412,0.00334928345460026,-0.00310210841855792
"TFGroup_38",-0.0126207796222467,0.0250711055678788,0.00633091238749967,-0.00176461254889049,0.0147474153974736,0.0204898465199598
"TFGroup_39",0.0761451948626816,-0.0216838410628174,0.0187162023371686,-0.00120900496096241,-0.00766922529280628,0.0261201965934316
"TFGroup_40",0.0321795814026819,0.0500034507064713,-0.0203882682154244,0.0107553593183777,0.040121814620565,-0.0547985491148588
"TFGroup_41",-0.00338798704104982,0.0154147304236922,-0.0227134633467107,-0.00332620447435384,-0.0155729497167905,-0.0069330871577255
